%!PS
%%BoundingBox: -1 -1 150 151 
%%HiResBoundingBox: -0.24907 -0.74721 149.68831 150.18645 
%%Creator: MetaPost 2.000
%%CreationDate: 2017.06.03:1648
%%Pages: 1
%%BeginProlog
%%EndProlog
%%Page: 1 1
 0 0 0 setrgbcolor
newpath 109.23116 110.22742 moveto
108.96692 110.22742 108.71353 110.12244 108.5267 109.93561 curveto
108.33987 109.74878 108.2349 109.49539 108.2349 109.23116 curveto
108.2349 108.96692 108.33987 108.71353 108.5267 108.5267 curveto
108.71353 108.33987 108.96692 108.2349 109.23116 108.2349 curveto
109.49539 108.2349 109.74878 108.33987 109.93561 108.5267 curveto
110.12244 108.71353 110.22742 108.96692 110.22742 109.23116 curveto
110.22742 109.49539 110.12244 109.74878 109.93561 109.93561 curveto
109.74878 110.12244 109.49539 110.22742 109.23116 110.22742 curveto closepath fill
newpath 40.20808 41.20435 moveto
39.94385 41.20435 39.69046 41.09937 39.50363 40.91254 curveto
39.3168 40.72571 39.21182 40.47232 39.21182 40.20808 curveto
39.21182 39.94385 39.3168 39.69046 39.50363 39.50363 curveto
39.69046 39.3168 39.94385 39.21182 40.20808 39.21182 curveto
40.47232 39.21182 40.72571 39.3168 40.91254 39.50363 curveto
41.09937 39.69046 41.20435 39.94385 41.20435 40.20808 curveto
41.20435 40.47232 41.09937 40.72571 40.91254 40.91254 curveto
40.72571 41.09937 40.47232 41.20435 40.20808 41.20435 curveto closepath fill
 0 0.49814 dtransform truncate idtransform setlinewidth pop [] 0 setdash 1 setlinecap 1 setlinejoin
 10 setmiterlimit
newpath 0 88.16907 moveto
0.4996 87.75952 0.99762 87.34793 1.49403 86.9343 curveto
1.9941 86.5177 2.49232 86.09904 2.98897 85.67833 curveto
3.4888 85.25488 3.98682 84.82939 4.483 84.40161 curveto
4.98306 83.97041 5.48152 83.53694 5.9777 83.10118 curveto
6.47777 82.662 6.97578 82.22054 7.47174 81.77658 curveto
7.97224 81.3285 8.47072 80.87837 8.96667 80.4253 curveto
9.46696 79.96832 9.9652 79.50862 10.46071 79.04642 curveto
10.96144 78.5792 11.45992 78.10968 11.95541 77.637 curveto
12.45616 77.1595 12.95439 76.67928 13.44945 76.19586 curveto
13.95064 75.70651 14.44911 75.21443 14.94438 74.71916 curveto
15.44559 74.21796 15.94382 73.71356 16.4384 73.20598 curveto
16.93983 72.69133 17.43808 72.1737 17.93243 71.65244 curveto
18.43433 71.12318 18.93279 70.59097 19.42714 70.05466 curveto
19.92903 69.51013 20.42749 68.96242 20.92117 68.41037 curveto
21.42374 67.84851 21.92244 67.28323 22.4161 66.71362 curveto
22.91869 66.13374 23.41714 65.55046 23.91014 64.96237 curveto
24.41339 64.36221 24.9121 63.75795 25.40485 63.14911 curveto
25.90834 62.52728 26.4068 61.90135 26.89888 61.2704 curveto
27.40305 60.62395 27.90196 59.97316 28.39381 59.31737 curveto
28.89821 58.64468 29.39668 57.96745 29.88785 57.28497 curveto
30.39316 56.58264 30.89185 55.87576 31.38255 55.16318 curveto
31.88832 54.42871 32.38678 53.68945 32.87659 52.94426 curveto
33.38326 52.17331 33.88219 51.39688 34.37152 50.61475 curveto
34.87866 49.80388 35.37735 48.98778 35.86555 48.16528 curveto
36.3736 47.30928 36.87251 46.44757 37.35959 45.57947 curveto
37.86876 44.67215 38.36792 43.75891 38.8543 42.83905 curveto
39.3644 41.8745 39.86331 40.90425 40.34833 39.92693 curveto
40.85979 38.89626 41.35916 37.85965 41.84326 36.81573 curveto
42.35564 35.71095 42.85501 34.6 43.3373 33.48177 curveto
43.85126 32.2901 44.35086 31.09229 44.832 29.88716 curveto
45.3471 28.59654 45.84694 27.29953 46.32603 25.99498 curveto
46.84319 24.58693 47.34325 23.17247 47.82097 21.7505 curveto
48.33972 20.20631 48.83955 18.65573 49.31499 17.0974 curveto
49.83603 15.38948 50.33632 13.67542 50.80971 11.95381 curveto
51.3328 10.05139 51.83081 8.14214 52.30373 6.22672 curveto stroke
newpath 53.03813 9.48656 moveto
52.29395 8.57608 52.02185 7.36836 52.30373 6.22672 curveto
52.02185 7.36836 51.21893 8.31067 50.13649 8.77013 curveto stroke
newpath 1.36403 85.11859 moveto
1.41478 86.29341 0.90942 87.42357 0 88.16907 curveto
0.90942 87.42357 2.11674 87.14977 3.2588 87.43002 curveto stroke
newpath 97.13551 143.21252 moveto
97.60843 141.2971 98.10645 139.38785 98.62953 137.48543 curveto
99.10292 135.76337 99.60344 134.04907 100.12447 132.34093 curveto
100.59969 130.78282 101.09975 129.23224 101.6185 127.68805 curveto
102.096 126.26631 102.59605 124.85208 103.1132 123.44426 curveto
103.5923 122.13971 104.09213 120.8427 104.60724 119.55208 curveto
105.08838 118.34673 105.58821 117.14891 106.10217 115.95702 curveto
106.58446 114.83878 107.08383 113.72783 107.5962 112.62305 curveto
108.08008 111.57936 108.57968 110.54298 109.09091 109.51231 curveto
109.57593 108.53499 110.07507 107.56474 110.58495 106.60019 curveto
111.07132 105.68033 111.57071 104.76709 112.07988 103.85954 curveto
112.56696 102.99144 113.06587 102.12973 113.57391 101.27373 curveto
114.06212 100.45123 114.5608 99.6349 115.06795 98.82404 curveto
115.55705 98.04192 116.05598 97.26593 116.56265 96.49498 curveto
117.05246 95.74979 117.55092 95.01053 118.05669 94.27606 curveto
118.5474 93.56348 119.04631 92.85637 119.55162 92.15382 curveto
120.04256 91.47133 120.54126 90.79433 121.04565 90.12164 curveto
121.5375 89.46585 122.0362 88.81529 122.54036 88.16884 curveto
123.03244 87.53789 123.5309 86.91196 124.0344 86.29013 curveto
124.52737 85.68129 125.02608 85.07703 125.52933 84.47664 curveto
126.02232 83.88855 126.52078 83.30527 127.02336 82.72539 curveto
127.51703 82.15578 128.0155 81.5905 128.51807 81.02887 curveto
129.01175 80.47682 129.51021 79.92911 130.0121 79.38458 curveto
130.50645 78.84827 131.00514 78.31583 131.50703 77.78658 curveto
132.00139 77.2653 132.49963 76.74768 133.00105 76.23303 curveto
133.49565 75.72545 133.99388 75.22105 134.49509 74.71985 curveto
134.99013 74.22458 135.4886 73.7325 135.98979 73.24338 curveto
136.48485 72.75996 136.98308 72.27974 137.48383 71.80225 curveto
137.97955 71.32956 138.47803 70.85982 138.97876 70.3926 curveto
139.47427 69.93039 139.9725 69.47092 140.4728 69.01395 curveto
140.96875 68.56087 141.467 68.11073 141.9675 67.66266 curveto
142.46346 67.2187 142.96147 66.77724 143.46153 66.33806 curveto
143.95772 65.9023 144.45618 65.46906 144.95647 65.03763 curveto
145.45265 64.60985 145.95067 64.18413 146.4505 63.76068 curveto
146.94691 63.33997 147.44537 62.92154 147.9452 62.50494 curveto
148.44162 62.09131 148.93964 61.67972 149.43924 61.27017 curveto stroke
newpath 148.07521 64.32065 moveto
148.02446 63.14583 148.52982 62.01567 149.43924 61.27017 curveto
148.52982 62.01567 147.3225 62.28947 146.18044 62.00922 curveto stroke
newpath 96.40111 139.95268 moveto
97.1453 140.86316 97.41739 142.07088 97.13551 143.21252 curveto
97.41739 142.07088 98.2203 141.12857 99.30275 140.66911 curveto stroke
newpath 0 74.71962 moveto
149.43924 74.71962 lineto stroke
newpath 144.45793 77.21028 moveto
145.63387 75.64236 147.47935 74.71962 149.43924 74.71962 curveto
147.47935 74.71962 145.63387 73.79688 144.45793 72.22896 curveto stroke
 0.49814 0 dtransform exch truncate exch idtransform pop setlinewidth
newpath 74.71962 0 moveto
74.71962 149.43924 lineto stroke
 0 0.49814 dtransform truncate idtransform setlinewidth pop
newpath 72.22896 144.45793 moveto
73.79688 145.63387 74.71962 147.47935 74.71962 149.43924 curveto
74.71962 147.47935 75.64236 145.63387 77.21028 144.45793 curveto stroke
 0.49814 0 dtransform exch truncate exch idtransform pop setlinewidth
newpath 14.94392 72.7271 moveto
14.94392 76.71214 lineto stroke
newpath 29.88785 72.7271 moveto
29.88785 76.71214 lineto stroke
newpath 44.83177 72.7271 moveto
44.83177 76.71214 lineto stroke
newpath 59.7757 72.7271 moveto
59.7757 76.71214 lineto stroke
newpath 89.66354 72.7271 moveto
89.66354 76.71214 lineto stroke
newpath 104.60747 72.7271 moveto
104.60747 76.71214 lineto stroke
newpath 119.55139 72.7271 moveto
119.55139 76.71214 lineto stroke
newpath 134.49532 72.7271 moveto
134.49532 76.71214 lineto stroke
 0 0.49814 dtransform truncate idtransform setlinewidth pop
newpath 76.71214 14.94392 moveto
72.7271 14.94392 lineto stroke
newpath 76.71214 29.88785 moveto
72.7271 29.88785 lineto stroke
newpath 76.71214 44.83177 moveto
72.7271 44.83177 lineto stroke
newpath 76.71214 59.7757 moveto
72.7271 59.7757 lineto stroke
newpath 76.71214 89.66354 moveto
72.7271 89.66354 lineto stroke
newpath 76.71214 104.60747 moveto
72.7271 104.60747 lineto stroke
newpath 76.71214 119.55139 moveto
72.7271 119.55139 lineto stroke
newpath 76.71214 134.49532 moveto
72.7271 134.49532 lineto stroke
 0 1.4944 dtransform truncate idtransform setlinewidth pop
newpath 88.16907 0 moveto
87.75952 0.4996 87.34793 0.99762 86.9343 1.49403 curveto
86.5177 1.9941 86.09904 2.49232 85.67833 2.98897 curveto
85.25488 3.4888 84.82939 3.98682 84.40161 4.483 curveto
83.97041 4.98306 83.53694 5.48152 83.10118 5.9777 curveto
82.662 6.47777 82.22054 6.97578 81.77658 7.47174 curveto
81.3285 7.97224 80.87837 8.47072 80.4253 8.96667 curveto
79.96832 9.46696 79.50862 9.9652 79.04642 10.46071 curveto
78.5792 10.96144 78.10968 11.45992 77.637 11.95541 curveto
77.1595 12.45616 76.67928 12.95439 76.19586 13.44945 curveto
75.70651 13.95064 75.21443 14.44911 74.71916 14.94438 curveto
74.21796 15.44559 73.71356 15.94382 73.20598 16.4384 curveto
72.69133 16.93983 72.1737 17.43808 71.65244 17.93243 curveto
71.12318 18.43433 70.59097 18.93279 70.05466 19.42714 curveto
69.51013 19.92903 68.96242 20.42749 68.41037 20.92117 curveto
67.84851 21.42374 67.28323 21.92244 66.71362 22.4161 curveto
66.13374 22.91869 65.55046 23.41714 64.96237 23.91014 curveto
64.36221 24.41339 63.75795 24.9121 63.14911 25.40485 curveto
62.52728 25.90834 61.90135 26.4068 61.2704 26.89888 curveto
60.62395 27.40305 59.97316 27.90196 59.31737 28.39381 curveto
58.64468 28.89821 57.96745 29.39668 57.28497 29.88785 curveto
56.58264 30.39316 55.87576 30.89185 55.16318 31.38255 curveto
54.42871 31.88832 53.68945 32.38678 52.94426 32.87659 curveto
52.17331 33.38326 51.39688 33.88219 50.61475 34.37152 curveto
49.80388 34.87866 48.98778 35.37735 48.16528 35.86555 curveto
47.30928 36.3736 46.44757 36.87251 45.57947 37.35959 curveto
44.67215 37.86876 43.75891 38.36792 42.83905 38.8543 curveto
41.8745 39.3644 40.90425 39.86331 39.92693 40.34833 curveto
38.89626 40.85979 37.85965 41.35916 36.81573 41.84326 curveto
35.71095 42.35564 34.6 42.85501 33.48177 43.3373 curveto
32.2901 43.85126 31.09229 44.35086 29.88716 44.832 curveto
28.59654 45.3471 27.29953 45.84694 25.99498 46.32603 curveto
24.58693 46.84319 23.17247 47.34325 21.7505 47.82097 curveto
20.20631 48.33972 18.65573 48.83955 17.0974 49.31499 curveto
15.38948 49.83603 13.67542 50.33632 11.95381 50.80971 curveto
10.05139 51.3328 8.14214 51.83081 6.22672 52.30373 curveto stroke
newpath 8.77013 50.13649 moveto
8.31067 51.21893 7.36836 52.02185 6.22672 52.30373 curveto
7.36836 52.02185 8.57608 52.29395 9.48656 53.03813 curveto stroke
newpath 87.43002 3.2588 moveto
87.14977 2.11674 87.42357 0.90942 88.16907 0 curveto
87.42357 0.90942 86.29341 1.41478 85.11859 1.36403 curveto stroke
newpath 143.21252 97.13551 moveto
141.2971 97.60843 139.38785 98.10645 137.48543 98.62953 curveto
135.76337 99.10292 134.04907 99.60344 132.34093 100.12447 curveto
130.78282 100.59969 129.23224 101.09975 127.68805 101.6185 curveto
126.26631 102.096 124.85208 102.59605 123.44426 103.1132 curveto
122.13971 103.5923 120.8427 104.09213 119.55208 104.60724 curveto
118.34673 105.08838 117.14891 105.58821 115.95702 106.10217 curveto
114.83878 106.58446 113.72783 107.08383 112.62305 107.5962 curveto
111.57936 108.08008 110.54298 108.57968 109.51231 109.09091 curveto
108.53499 109.57593 107.56474 110.07507 106.60019 110.58495 curveto
105.68033 111.07132 104.76709 111.57071 103.85954 112.07988 curveto
102.99144 112.56696 102.12973 113.06587 101.27373 113.57391 curveto
100.45123 114.06212 99.6349 114.5608 98.82404 115.06795 curveto
98.04192 115.55705 97.26593 116.05598 96.49498 116.56265 curveto
95.74979 117.05246 95.01053 117.55092 94.27606 118.05669 curveto
93.56348 118.5474 92.85637 119.04631 92.15382 119.55162 curveto
91.47133 120.04256 90.79433 120.54126 90.12164 121.04565 curveto
89.46585 121.5375 88.81529 122.0362 88.16884 122.54036 curveto
87.53789 123.03244 86.91196 123.5309 86.29013 124.0344 curveto
85.68129 124.52737 85.07703 125.02608 84.47664 125.52933 curveto
83.88855 126.02232 83.30527 126.52078 82.72539 127.02336 curveto
82.15578 127.51703 81.5905 128.0155 81.02887 128.51807 curveto
80.47682 129.01175 79.92911 129.51021 79.38458 130.0121 curveto
78.84827 130.50645 78.31583 131.00514 77.78658 131.50703 curveto
77.2653 132.00139 76.74768 132.49963 76.23303 133.00105 curveto
75.72545 133.49565 75.22105 133.99388 74.71985 134.49509 curveto
74.22458 134.99013 73.7325 135.4886 73.24338 135.98979 curveto
72.75996 136.48485 72.27974 136.98308 71.80225 137.48383 curveto
71.32956 137.97955 70.85982 138.47803 70.3926 138.97876 curveto
69.93039 139.47427 69.47092 139.9725 69.01395 140.4728 curveto
68.56087 140.96875 68.11073 141.467 67.66266 141.9675 curveto
67.2187 142.46346 66.77724 142.96147 66.33806 143.46153 curveto
65.9023 143.95772 65.46906 144.45618 65.03763 144.95647 curveto
64.60985 145.45265 64.18413 145.95067 63.76068 146.4505 curveto
63.33997 146.94691 62.92154 147.44537 62.50494 147.9452 curveto
62.09131 148.44162 61.67972 148.93964 61.27017 149.43924 curveto stroke
newpath 62.00922 146.18044 moveto
62.28947 147.3225 62.01567 148.52982 61.27017 149.43924 curveto
62.01567 148.52982 63.14583 148.02446 64.32065 148.07521 curveto stroke
newpath 140.66911 99.30275 moveto
141.12857 98.2203 142.07088 97.41739 143.21252 97.13551 curveto
142.07088 97.41739 140.86316 97.1453 139.95268 96.40111 curveto stroke
showpage
%%EOF
