%!PS
%%BoundingBox: -1 -1 170 170 
%%HiResBoundingBox: -0.24907 -0.24907 169.98714 169.98714 
%%Creator: MetaPost 1.9991
%%CreationDate: 2017.07.24:2101
%%Pages: 1
%%BeginProlog
%%EndProlog
%%Page: 1 1
 0 0 0 setrgbcolor 0 0.49814 dtransform truncate idtransform setlinewidth pop
 [] 0 setdash 1 setlinecap 1 setlinejoin 10 setmiterlimit
newpath 0 16.93645 moveto
169.36447 16.93645 lineto stroke
newpath 164.38316 19.42711 moveto
165.5591 17.85919 167.40459 16.93645 169.36447 16.93645 curveto
167.40459 16.93645 165.5591 16.0137 164.38316 14.44579 curveto stroke
 0.49814 0 dtransform exch truncate exch idtransform pop setlinewidth
newpath 16.93645 0 moveto
16.93645 169.36447 lineto stroke
 0 0.49814 dtransform truncate idtransform setlinewidth pop
newpath 14.44579 164.38316 moveto
16.0137 165.5591 16.93645 167.40459 16.93645 169.36447 curveto
16.93645 167.40459 17.85919 165.5591 19.42711 164.38316 curveto stroke
 0 1.24533 dtransform truncate idtransform setlinewidth pop
newpath 16.93645 16.93645 moveto
16.93774 17.50525 16.99434 18.07277 17.10597 18.63045 curveto
17.22176 19.20934 17.39464 19.77556 17.61378 20.32368 curveto
17.84871 20.91084 18.13556 21.47551 18.46092 22.01768 curveto
18.81575 22.60924 19.21503 23.17235 19.64609 23.71092 curveto
20.12108 24.30453 20.63329 24.8674 21.17082 25.40492 curveto
21.76443 25.99854 22.38853 26.56088 23.03333 27.09816 curveto
23.74504 27.69125 24.48181 28.2536 25.23566 28.79216 curveto
26.06392 29.38371 26.91235 29.94606 27.7755 30.4854 curveto
28.72006 31.07565 29.68143 31.6385 30.65518 32.1794 curveto
31.71475 32.76811 32.78853 33.33044 33.87238 33.87263 curveto
35.0472 34.46005 36.2339 35.02316 37.42966 35.56664 curveto
38.71844 36.1525 40.01758 36.71536 41.3242 37.25987 curveto
42.72772 37.8447 44.14005 38.40808 45.55908 38.95387 curveto
47.07607 39.53716 48.60054 40.10054 50.13097 40.64711 curveto
51.76218 41.22961 53.4001 41.79324 55.04346 42.34113 curveto
56.78838 42.92284 58.53949 43.48648 60.295 44.03513 curveto
62.15259 44.61555 64.01535 45.1792 65.8825 45.72836 curveto
67.85432 46.30827 69.83131 46.87216 71.81166 47.42236 curveto
73.8959 48.00125 75.98453 48.56514 78.0765 49.1156 curveto
80.27524 49.69421 82.47757 50.25812 84.68327 50.8096 curveto
86.99414 51.38719 89.30838 51.95108 91.62547 52.50284 curveto
94.05057 53.08017 96.47878 53.64432 98.90982 54.19684 curveto
101.44708 54.77339 103.98694 55.33728 106.52936 55.89008 curveto
109.18085 56.46637 111.83467 57.03078 114.49106 57.58408 curveto
117.25446 58.15985 120.02017 58.72375 122.78795 59.27731 curveto
125.66556 59.85283 128.5455 60.41724 131.42725 60.97131 curveto
134.41676 61.54633 137.4081 62.11021 140.40149 62.66455 curveto
143.50522 63.23929 146.61104 63.8037 149.71838 64.35855 curveto
152.93378 64.93279 156.15121 65.49693 159.36996 66.05179 curveto
162.69983 66.626 166.03125 67.19069 169.36447 67.74579 curveto stroke
newpath 166.17078 68.72891 moveto
167.02129 67.91684 168.20451 67.55261 169.36447 67.74579 curveto
168.20451 67.55261 167.2032 66.82458 166.66177 65.7807 curveto stroke
newpath 16.93645 16.93645 moveto
17.50525 16.93774 18.07277 16.99434 18.63045 17.10597 curveto
19.20934 17.22176 19.77556 17.39464 20.32368 17.61378 curveto
20.91084 17.84871 21.47551 18.13556 22.01768 18.46092 curveto
22.60924 18.81575 23.17235 19.21503 23.71092 19.64609 curveto
24.30453 20.12108 24.8674 20.63329 25.40492 21.17082 curveto
25.99854 21.76443 26.56088 22.38853 27.09816 23.03333 curveto
27.69125 23.74504 28.2536 24.48181 28.79216 25.23566 curveto
29.38371 26.06392 29.94606 26.91235 30.4854 27.7755 curveto
31.07565 28.72006 31.6385 29.68143 32.1794 30.65518 curveto
32.76811 31.71475 33.33044 32.78853 33.87263 33.87238 curveto
34.46005 35.0472 35.02316 36.2339 35.56664 37.42966 curveto
36.1525 38.71844 36.71536 40.01758 37.25987 41.3242 curveto
37.8447 42.72772 38.40808 44.14005 38.95387 45.55908 curveto
39.53716 47.07607 40.10054 48.60054 40.64711 50.13097 curveto
41.22961 51.76218 41.79324 53.4001 42.34113 55.04346 curveto
42.92284 56.78838 43.48648 58.53949 44.03513 60.295 curveto
44.61555 62.15259 45.1792 64.01535 45.72836 65.8825 curveto
46.30827 67.85432 46.87216 69.83131 47.42236 71.81166 curveto
48.00125 73.8959 48.56514 75.98453 49.1156 78.0765 curveto
49.69421 80.27524 50.25812 82.47757 50.8096 84.68327 curveto
51.38719 86.99414 51.95108 89.30838 52.50284 91.62547 curveto
53.08017 94.05057 53.64432 96.47878 54.19684 98.90982 curveto
54.77339 101.44708 55.33728 103.98694 55.89008 106.52936 curveto
56.46637 109.18085 57.03078 111.83467 57.58408 114.49106 curveto
58.15985 117.25446 58.72375 120.02017 59.27731 122.78795 curveto
59.85283 125.66556 60.41724 128.5455 60.97131 131.42725 curveto
61.54633 134.41676 62.11021 137.4081 62.66455 140.40149 curveto
63.23929 143.50522 63.8037 146.61104 64.35855 149.71838 curveto
64.93279 152.93378 65.49693 156.15121 66.05179 159.36996 curveto
66.626 162.69983 67.19069 166.03125 67.74579 169.36447 curveto stroke
newpath 65.7807 166.66177 moveto
66.82458 167.2032 67.55261 168.20451 67.74579 169.36447 curveto
67.55261 168.20451 67.91684 167.02129 68.72891 166.17078 curveto stroke
newpath 16.93645 18.92897 moveto
16.40797 18.92897 15.90121 18.71901 15.52754 18.34535 curveto
15.15388 17.97168 14.94392 17.46492 14.94392 16.93645 curveto
14.94392 16.40797 15.15388 15.90121 15.52754 15.52754 curveto
15.90121 15.15388 16.40797 14.94392 16.93645 14.94392 curveto
17.46492 14.94392 17.97168 15.15388 18.34535 15.52754 curveto
18.71901 15.90121 18.92897 16.40797 18.92897 16.93645 curveto
18.92897 17.46492 18.71901 17.97168 18.34535 18.34535 curveto
17.97168 18.71901 17.46492 18.92897 16.93645 18.92897 curveto closepath fill
newpath 33.8729 35.86542 moveto
33.34442 35.86542 32.83766 35.65546 32.46399 35.2818 curveto
32.09033 34.90813 31.88037 34.40137 31.88037 33.8729 curveto
31.88037 33.34442 32.09033 32.83766 32.46399 32.46399 curveto
32.83766 32.09033 33.34442 31.88037 33.8729 31.88037 curveto
34.40137 31.88037 34.90813 32.09033 35.2818 32.46399 curveto
35.65546 32.83766 35.86542 33.34442 35.86542 33.8729 curveto
35.86542 34.40137 35.65546 34.90813 35.2818 35.2818 curveto
34.90813 35.65546 34.40137 35.86542 33.8729 35.86542 curveto closepath fill
showpage
%%EOF
